  10244 26686880
   7097 32025709
   6052 33658988
   3160 26806258
   2304 28704546
   1767 
   1584 29729180
   1404 25903077
   1292 35756053
   1245 25038069
   1034 34589061
    648 -
    600 29377579
    560 35189301
    502 29295910
    430 23158674
    422 30696529
    342 30988144
    300 35038924
    274 24787619
    215 33293382
    198 29229636
    192 35425984
    180 31996449
    108 25733508
     65 31424550
     54 31474962
     38 29723570
     33 29487865
     20 22238576
      6 16569891
      3 19769538
